function [p,w] = int2d_gatermann12()
% function [p,w] = int2d_gatermann12()
%
% Returns the points (p) and weights (w) of K. Gatermann's 12-point
% integration formula for the triangle with vertices (0,0), (1,0), (0,1).
% This formula is exact for polynomials up to degree 7.
% Points are the rows of p.
%
% Reference: The Construction of Symmetric Cubature Formulas
% for the Square and the Triangle, Computing 40, 229 - 240 (1988)
p = [0.06751786707392436, 0.8700998678316848;  % 1
     0.06238226509439084, 0.06751786707392436; % 2
     0.8700998678316848,  0.06238226509439084; % 3
     0.3215024938520156,  0.6232720494910644;  % 4
     0.05522545665692000, 0.3215024938520156;  % 5
     0.6232720494910644,  0.05522545665692000; % 6
     0.6609491961867980,  0.3047265008681072;  % 7
     0.03432430294509488, 0.6609491961867980;  % 8
     0.3047265008681072,  0.03432430294509488; % 9
     0.2777161669764050,  0.2064414986699949;  % 10
     0.5158423343536001,  0.2777161669764050;  % 11
     0.2064414986699949,  0.5158423343536001]; % 12
w = [0.02651702815743450;
     0.02651702815743450;
     0.02651702815743450;
     0.04388140871444811;
     0.04388140871444811;
     0.04388140871444811;
     0.02877504278497528;
     0.02877504278497528;
     0.02877504278497528;
     0.06749318700980879;
     0.06749318700980879;
     0.06749318700980879];
end
