ref_test_script

master =

     1     2     3     4     5     7     8


p_ref =

         0         0
    1.5000         0
    2.5000         0
    3.5000         0
    3.5000    1.0000
    2.5000    0.7000
    1.5000    1.0000
         0    1.0000
    1.5000    2.0000
    2.5000    1.5000
    1.5000    0.5000
    0.7500    0.5000
    0.7500         0
    2.0000    0.8500
    2.0000    0.3500
    2.5000    0.3500
    2.0000         0
    3.0000    0.3500
    3.0000         0
    3.0000    0.8500
    3.5000    0.5000
    2.0000    1.2500
    2.5000    1.1000
    0.7500    1.0000
         0    0.5000


t_ref =

     1    12    13
     2    11    13
     7    11    12
    11    12    13
     2    15    11
     7    14    11
     6    14    15
    14    15    11
     2    15    17
     3    16    17
     6    16    15
    16    15    17
     4    18    19
     3    16    19
     6    16    18
    16    18    19
     4    18    21
     5    20    21
     6    20    18
    20    18    21
    10     5     6
     6    14    23
    10    22    23
     7    22    14
    22    14    23
     1    25    12
     7    24    12
     8    24    25
    24    25    12
     8     7     9
     7     9    10


master_ref =

  Columns 1 through 15

     1     1     1     1     2     2     2     2     3     3     3     3     4     4     4

  Columns 16 through 30

     4     5     5     5     5     6     7     7     7     7     8     8     8     8     9

  Column 31

    10


idx_refref =

     1
     2
     3
     4
     1
     2
     3
     4
     1
     2
     3
     4
     1
     2
     3
     4
     1
     2
     3
     4
     0
     1
     2
     3
     4
     1
     2
     3
     4
     0
     0


rfht = 

  <a href="matlab:help containers.Map">containers.Map</a> <a href="matlab:help handle">handle</a>
  Package: containers

  Properties:
        Count: 15
      KeyType: 'int64'
    ValueType: 'any'

  <a href="matlab:methods('containers.Map')">Methods</a>, <a href="matlab:events('containers.Map')">Events</a>, <a href="matlab:superclasses('containers.Map')">Superclasses</a>


master2rr_pt =

     1     2     7    11    12    13
     2     7     6    14    15    11
     2     3     6    16    15    17
     4     3     6    16    18    19
     4     5     6    20    18    21
    10     5     6     0     0     0
     6    10     7    22    14    23
     1     7     8    24    25    12
     8     7     9     0     0     0
     7     9    10     0     0     0


ans =

Press any key to continue


px_refref2 = 

    @(px)ifte(length(px)==2,px,[1])


p_ref2 =

         0         0
    1.5000         0
    2.5000         0
    3.5000         0
    3.5000    1.0000
    2.5000    0.7000
    1.5000    1.0000
         0    1.0000
    1.5000    2.0000
    2.5000    1.5000
    1.5000    0.3333
    1.5000    0.6667
    0.5000    0.3333
    1.0000    0.6667
    0.5000         0
    1.0000         0
    1.0000    0.3333
    2.1667    0.8000
    1.8333    0.9000
    1.8333    0.2333
    2.1667    0.4667
    1.8333    0.5667
    2.5000    0.2333
    2.5000    0.4667
    1.8333         0
    2.1667         0
    2.1667    0.2333
    3.1667    0.2333
    2.8333    0.4667
    2.8333         0
    3.1667         0
    2.8333    0.2333
    3.1667    0.9000
    2.8333    0.8000
    3.5000    0.3333
    3.5000    0.6667
    3.1667    0.5667
    1.8333    1.1667
    2.1667    1.3333
    2.5000    0.9667
    2.5000    1.2333
    2.1667    1.0667
    1.0000    1.0000
    0.5000    1.0000
         0    0.3333
         0    0.6667
    0.5000    0.6667


t_ref2 =

     1    15    13
    13    15    17
    15    16    17
    16    11    17
    16     2    11
    14    13    17
    17    12    14
    17    11    12
    14    12     7
     2    11    20
    20    11    22
    11    12    22
    12    19    22
    12     7    19
    21    20    22
    22    18    21
    22    19    18
    21    18     6
     2    25    20
    20    25    27
    25    26    27
    26    23    27
    26     3    23
    21    20    27
    27    24    21
    27    23    24
    21    24     6
     4    31    28
    28    31    32
    31    30    32
    30    23    32
    30     3    23
    29    28    32
    32    24    29
    32    23    24
    29    24     6
     4    35    28
    28    35    37
    35    36    37
    36    33    37
    36     5    33
    29    28    37
    37    34    29
    37    33    34
    29    34     6
    10     5     6
     6    40    18
    18    40    42
    40    41    42
    41    39    42
    41    10    39
    19    18    42
    42    38    19
    42    39    38
    19    38     7
     1    13    45
    45    13    47
    13    14    47
    14    43    47
    14     7    43
    46    45    47
    47    44    46
    47    43    44
    46    44     8
     8     7     9
     7     9    10


master_ref2 =

  Columns 1 through 15

     1     1     1     1     1     1     1     1     1     2     2     2     2     2     2

  Columns 16 through 30

     2     2     2     3     3     3     3     3     3     3     3     3     4     4     4

  Columns 31 through 45

     4     4     4     4     4     4     5     5     5     5     5     5     5     5     5

  Columns 46 through 60

     6     7     7     7     7     7     7     7     7     7     8     8     8     8     8

  Columns 61 through 66

     8     8     8     8     9    10


idx_refref2 =

     1
     2
     3
     4
     5
     6
     7
     8
     9
     1
     2
     3
     4
     5
     6
     7
     8
     9
     1
     2
     3
     4
     5
     6
     7
     8
     9
     1
     2
     3
     4
     5
     6
     7
     8
     9
     1
     2
     3
     4
     5
     6
     7
     8
     9
     0
     1
     2
     3
     4
     5
     6
     7
     8
     9
     1
     2
     3
     4
     5
     6
     7
     8
     9
     0
     0


rfht2 = 

  <a href="matlab:help containers.Map">containers.Map</a> <a href="matlab:help handle">handle</a>
  Package: containers

  Properties:
        Count: 22
      KeyType: 'int64'
    ValueType: 'any'

  <a href="matlab:methods('containers.Map')">Methods</a>, <a href="matlab:events('containers.Map')">Events</a>, <a href="matlab:superclasses('containers.Map')">Superclasses</a>


master2rr_pt2 =

     1     2     7    11    12    13    14    15    16    17
     2     7     6    19    18    20    21    11    12    22
     2     3     6    23    24    20    21    25    26    27
     4     3     6    23    24    28    29    31    30    32
     4     5     6    33    34    28    29    35    36    37
    10     5     6     0     0     0     0     0     0     0
     6    10     7    39    38    18    19    40    41    42
     1     7     8    43    44    45    46    13    14    47
     8     7     9     0     0     0     0     0     0     0
     7     9    10     0     0     0     0     0     0     0


ans =

Press any key to continue


size_p_refref3 =

     9     2


size_t_refref3 =

    10     3


px_refref3 = 

    @(px)ifte(length(px)==3,px,[1])


refref2d_3 = 

            p: [9x2 double]
            t: [10x3 double]
         npts: [7x1 double]
        flist: [7x3 double]
      Brefref: []
    pxfeature: @(px)ifte(length(px)==3,px,[1])


