clear
ref_test_script

master =

     1     2     3     4     5     7     8


master_triangle_i =

     1     2     7


master_triangle_points =

         0         0
    1.5000         0
    1.5000    1.0000


f =

     2     7


px =

     1     2


pt_px =

     1


f =

     1     7


px =

     1     2


pt_px =

     1


f =

     1     2


px =

     1     2


pt_px =

     1


p_rr_trx =

     1
     2
     7
    11
    12
    13


refined_points =

         0         0
    1.5000         0
    1.5000    1.0000
    1.5000    0.5000
    0.7500    0.5000
    0.7500         0


master_triangle_i =

     2     7     6


master_triangle_points =

    1.5000         0
    1.5000    1.0000
    2.5000    0.7000


f =

     6     7


px =

     2     1


pt_px =

     1


f =

     2     6


px =

     1     2


pt_px =

     1


f =

     2     7


px =

     1     2


pt_px =

     1


p_rr_trx =

     2
     7
     6
    14
    15
    11


refined_points =

    1.5000         0
    1.5000    1.0000
    2.5000    0.7000
    2.0000    0.8500
    2.0000    0.3500
    1.5000    0.5000


master_triangle_i =

     2     3     6


master_triangle_points =

    1.5000         0
    2.5000         0
    2.5000    0.7000


f =

     3     6


px =

     1     2


pt_px =

     1


f =

     2     6


px =

     1     2


pt_px =

     1


f =

     2     3


px =

     1     2


pt_px =

     1


p_rr_trx =

     2
     3
     6
    16
    15
    17


refined_points =

    1.5000         0
    2.5000         0
    2.5000    0.7000
    2.5000    0.3500
    2.0000    0.3500
    2.0000         0


master_triangle_i =

     4     3     6


master_triangle_points =

    3.5000         0
    2.5000         0
    2.5000    0.7000


f =

     3     6


px =

     1     2


pt_px =

     1


f =

     4     6


px =

     1     2


pt_px =

     1


f =

     3     4


px =

     2     1


pt_px =

     1


p_rr_trx =

     4
     3
     6
    16
    18
    19


refined_points =

    3.5000         0
    2.5000         0
    2.5000    0.7000
    2.5000    0.3500
    3.0000    0.3500
    3.0000         0


master_triangle_i =

     4     5     6


master_triangle_points =

    3.5000         0
    3.5000    1.0000
    2.5000    0.7000


f =

     5     6


px =

     1     2


pt_px =

     1


f =

     4     6


px =

     1     2


pt_px =

     1


f =

     4     5


px =

     1     2


pt_px =

     1


p_rr_trx =

     4
     5
     6
    20
    18
    21


refined_points =

    3.5000         0
    3.5000    1.0000
    2.5000    0.7000
    3.0000    0.8500
    3.0000    0.3500
    3.5000    0.5000


master_triangle_i =

    10     5     6


master_triangle_points =

    2.5000    1.5000
    3.5000    1.0000
    2.5000    0.7000


master_triangle_i =

     6    10     7


master_triangle_points =

    2.5000    0.7000
    2.5000    1.5000
    1.5000    1.0000


f =

     7    10


px =

     2     1


pt_px =

     1


f =

     6     7


px =

     1     2


pt_px =

     1


f =

     6    10


px =

     1     2


pt_px =

     1


p_rr_trx =

     6
    10
     7
    22
    14
    23


refined_points =

    2.5000    0.7000
    2.5000    1.5000
    1.5000    1.0000
    2.0000    1.2500
    2.0000    0.8500
    2.5000    1.1000


master_triangle_i =

     1     7     8


master_triangle_points =

         0         0
    1.5000    1.0000
         0    1.0000


f =

     7     8


px =

     1     2


pt_px =

     1


f =

     1     8


px =

     1     2


pt_px =

     1


f =

     1     7


px =

     1     2


pt_px =

     1


p_rr_trx =

     1
     7
     8
    24
    25
    12


refined_points =

         0         0
    1.5000    1.0000
         0    1.0000
    0.7500    1.0000
         0    0.5000
    0.7500    0.5000


master_triangle_i =

     8     7     9


master_triangle_points =

         0    1.0000
    1.5000    1.0000
    1.5000    2.0000


master_triangle_i =

     7     9    10


master_triangle_points =

    1.5000    1.0000
    1.5000    2.0000
    2.5000    1.5000


p_ref =

         0         0
    1.5000         0
    2.5000         0
    3.5000         0
    3.5000    1.0000
    2.5000    0.7000
    1.5000    1.0000
         0    1.0000
    1.5000    2.0000
    2.5000    1.5000
    1.5000    0.5000
    0.7500    0.5000
    0.7500         0
    2.0000    0.8500
    2.0000    0.3500
    2.5000    0.3500
    2.0000         0
    3.0000    0.3500
    3.0000         0
    3.0000    0.8500
    3.5000    0.5000
    2.0000    1.2500
    2.5000    1.1000
    0.7500    1.0000
         0    0.5000


t_ref =

     1    12    13
     2    11    13
     7    11    12
    11    12    13
     2    15    11
     7    14    11
     6    14    15
    14    15    11
     2    15    17
     3    16    17
     6    16    15
    16    15    17
     4    18    19
     3    16    19
     6    16    18
    16    18    19
     4    18    21
     5    20    21
     6    20    18
    20    18    21
    10     5     6
     6    14    23
    10    22    23
     7    22    14
    22    14    23
     1    25    12
     7    24    12
     8    24    25
    24    25    12
     8     7     9
     7     9    10


master_ref =

  Columns 1 through 15

     1     1     1     1     2     2     2     2     3     3     3     3     4     4     4

  Columns 16 through 30

     4     5     5     5     5     6     7     7     7     7     8     8     8     8     9

  Column 31

    10


idx_refref =

     1
     2
     3
     4
     1
     2
     3
     4
     1
     2
     3
     4
     1
     2
     3
     4
     1
     2
     3
     4
     0
     1
     2
     3
     4
     1
     2
     3
     4
     0
     0


rfht = 

  <a href="matlab:help containers.Map">containers.Map</a> <a href="matlab:help handle">handle</a>
  Package: containers

  Properties:
        Count: 15
      KeyType: 'int64'
    ValueType: 'any'

  <a href="matlab:methods('containers.Map')">Methods</a>, <a href="matlab:events('containers.Map')">Events</a>, <a href="matlab:superclasses('containers.Map')">Superclasses</a>


ans =

Press any key to continue


px_refref2 = 

    @(px)ifte(length(px)==2,px,[1])


master_triangle_i =

     1     2     7


master_triangle_points =

         0         0
    1.5000         0
    1.5000    1.0000


f =

     2     7


px =

     1     2


pt_px =

     1     2


f =

     1     7


px =

     1     2


pt_px =

     1     2


f =

     1     2


px =

     1     2


pt_px =

     1     2


f =

     1     2     7


px =

     1     2     3


pt_px =

     1


p_rr_trx =

     1
     2
     7
    11
    12
    13
    14
    15
    16
    17


refined_points =

         0         0
    1.5000         0
    1.5000    1.0000
    1.5000    0.3333
    1.5000    0.6667
    1.0000    0.6667
    0.5000    0.3333
    0.5000         0
    1.0000         0
    1.0000    0.3333


master_triangle_i =

     2     7     6


master_triangle_points =

    1.5000         0
    1.5000    1.0000
    2.5000    0.7000


f =

     6     7


px =

     2     1


pt_px =

     2     1


f =

     2     6


px =

     1     2


pt_px =

     1     2


f =

     2     7


px =

     1     2


pt_px =

     1     2


f =

     2     6     7


px =

     1     3     2


pt_px =

     1


p_rr_trx =

     2
     7
     6
    19
    18
    20
    21
    11
    12
    22


refined_points =

    1.5000         0
    1.5000    1.0000
    2.5000    0.7000
    2.1667    0.8000
    1.8333    0.9000
    2.1667    0.4667
    1.8333    0.2333
    1.5000    0.3333
    1.5000    0.6667
    1.8333    0.5667


master_triangle_i =

     2     3     6


master_triangle_points =

    1.5000         0
    2.5000         0
    2.5000    0.7000


f =

     3     6


px =

     1     2


pt_px =

     1     2


f =

     2     6


px =

     1     2


pt_px =

     1     2


f =

     2     3


px =

     1     2


pt_px =

     1     2


f =

     2     3     6


px =

     1     2     3


pt_px =

     1


